NODE: 69 	 0.101408 	 85 	 85 	 1 	 4 	 6.1014 	 1 
NODE: 8 	 0.101408 	 85 	 85 	 1 	 4 	 6.1014 	 1 
NODE: 96 	 0.101409 	 85 	 85 	 1 	 4 	 6.1014 	 1 
NODE: 85 	 0.107795 	 69 	 69 	 3 	 4 	 10.1078 	 1 
